recall: 0.8163265306122449;
precision: 0.7048458149779736;
f1: 0.7565011820330969;
