recall: 0.8269085411942555;
precision: 0.8383141762452108;
f1: 0.8325722983257231;
