recall: 0.8526077097505669;
precision: 0.713472485768501;
f1: 0.7768595041322313;
