recall: 0.7944066515495087;
precision: 0.6928147659854977;
f1: 0.7401408450704225;
