recall: 0.8926681783824642;
precision: 0.8405693950177936;
f1: 0.8658357771260997;
